RCAN3	chr1	+	24828840	24863510	NM_001251983,NM_001251978,NM_013441,NM_001251984,NM_001251979,NM_001251981,NM_001251977,NM_001251985,NM_001251982,NM_001251980,
RCAN3	chr1	+	24828840	24828953	0,0,0,1,1,0,0,0,0,0,
RCAN3	chr1	+	24829386	24829607	1,0,1,0,0,1,1,0,0,0,
RCAN3	chr1	+	24829608	24829640	1,0,1,0,0,0,0,0,0,0,
RCAN3	chr1	+	24834083	24834218	0,1,0,0,0,0,0,0,0,0,
RCAN3	chr1	+	24840803	24841057	0,1,1,0,1,1,1,1,1,1,
RCAN3	chr1	+	24857707	24857881	1,1,1,1,1,0,1,0,1,1,
RCAN3	chr1	+	24859572	24859601	1,1,1,1,1,1,1,0,0,0,
RCAN3	chr1	+	24859602	24859744	1,1,1,1,1,1,1,0,0,1,
RCAN3	chr1	+	24861582	24863510	1,1,1,1,1,1,1,1,1,1,
